Calculated from global_tas_Amon_HadGEM2-ES_rcp26_ave.dat.txt using GCM_mean_temp_annual_convert.m
Year Temp(K)
1860 286.841158
1861 286.869775
1862 286.876825
1863 286.812992
1864 286.831258
1865 286.721950
1866 286.664900
1867 286.712200
1868 286.705117
1869 286.781925
1870 286.765850
1871 286.786983
1872 286.862008
1873 286.890550
1874 286.888333
1875 286.846600
1876 286.805617
1877 286.846075
1878 286.856792
1879 286.779058
1880 286.714750
1881 286.772908
1882 286.778675
1883 286.725058
1884 286.521692
1885 286.555150
1886 286.570933
1887 286.530517
1888 286.634067
1889 286.623558
1890 286.611250
1891 286.550475
1892 286.612283
1893 286.591092
1894 286.624658
1895 286.721000
1896 286.810875
1897 286.729967
1898 286.728967
1899 286.853408
1900 286.827917
1901 286.889950
1902 286.825542
1903 286.659625
1904 286.592283
1905 286.733142
1906 286.752192
1907 286.775733
1908 286.759250
1909 286.692425
1910 286.784950
1911 286.708350
1912 286.665142
1913 286.708550
1914 286.765092
1915 286.809042
1916 286.898967
1917 286.963842
1918 286.915800
1919 286.940133
1920 286.943317
1921 286.938675
1922 286.933008
1923 286.913933
1924 286.975958
1925 286.959992
1926 286.940317
1927 286.885975
1928 286.921458
1929 286.939567
1930 286.929258
1931 286.895775
1932 286.903550
1933 286.899167
1934 286.903883
1935 286.930158
1936 286.957167
1937 287.010533
1938 287.042467
1939 287.014383
1940 286.909017
1941 286.937933
1942 286.994483
1943 287.017250
1944 287.055850
1945 287.065692
1946 287.049483
1947 287.073600
1948 287.114983
1949 287.103833
1950 287.052900
1951 287.001900
1952 286.966250
1953 286.986567
1954 286.941208
1955 286.906925
1956 286.989017
1957 286.967008
1958 286.907825
1959 286.891250
1960 286.821433
1961 286.843308
1962 286.850008
1963 286.820242
1964 286.677508
1965 286.612992
1966 286.604042
1967 286.697017
1968 286.817325
1969 286.811117
1970 286.771083
1971 286.762250
1972 286.878850
1973 286.871350
1974 286.899658
1975 286.793175
1976 286.783592
1977 286.887700
1978 286.860950
1979 286.915708
1980 286.941642
1981 286.946875
1982 286.913142
1983 286.795500
1984 286.901375
1985 287.008658
1986 287.026508
1987 287.010317
1988 287.010567
1989 287.029692
1990 287.071483
1991 287.070242
1992 286.840408
1993 286.900300
1994 287.008200
1995 287.086575
1996 287.080425
1997 287.128608
1998 287.264133
1999 287.285533
2000 287.343767
2001 287.422483
2002 287.468517
2003 287.459508
2004 287.439392
2005 287.466725
2006 287.569700
2007 287.566358
2008 287.563092
2009 287.661700
2010 287.561983
2011 287.577267
2012 287.740242
2013 287.842642
2014 287.875075
2015 287.877925
2016 287.865292
2017 287.904283
2018 288.042083
2019 288.085333
2020 288.145325
2021 288.169050
2022 288.122658
2023 288.168758
2024 288.179975
2025 288.202867
2026 288.203633
2027 288.207175
2028 288.236842
2029 288.246658
2030 288.319658
2031 288.375550
2032 288.396333
2033 288.384042
2034 288.381408
2035 288.421367
2036 288.483375
2037 288.497108
2038 288.367392
2039 288.435042
2040 288.435467
2041 288.480333
2042 288.556808
2043 288.561400
2044 288.537267
2045 288.587617
2046 288.596092
2047 288.643642
2048 288.706800
2049 288.777108
2050 288.730300
2051 288.709225
2052 288.635208
2053 288.678942
2054 288.669242
2055 288.699525
2056 288.738542
2057 288.757767
2058 288.623108
2059 288.733758
2060 288.697075
2061 288.799350
2062 288.754433
2063 288.728717
2064 288.625575
2065 288.622500
2066 288.647008
2067 288.714458
2068 288.667200
2069 288.739225
2070 288.668508
2071 288.689675
2072 288.622283
2073 288.672042
2074 288.718617
2075 288.635883
2076 288.649775
2077 288.638600
2078 288.658433
2079 288.694650
2080 288.655775
2081 288.615500
2082 288.651542
2083 288.673383
2084 288.602025
2085 288.612625
2086 288.682867
2087 288.653300
2088 288.664767
2089 288.663508
2090 288.667450
2091 288.609917
2092 288.572467
2093 288.572958
2094 288.548667
2095 288.533633
2096 288.517083
2097 288.525325
2098 288.521742
2099 288.496642
2100 288.454500
