Calculated from global_tas_Amon_HadGEM2-ES_rcp45_ave.dat.txt using GCM_mean_temp_annual_convert.m
Year Temp(K)
1860 286.841458
1861 286.870067
1862 286.877125
1863 286.813275
1864 286.831525
1865 286.722242
1866 286.665217
1867 286.712508
1868 286.705417
1869 286.782217
1870 286.766142
1871 286.787275
1872 286.862333
1873 286.890850
1874 286.888600
1875 286.846867
1876 286.805917
1877 286.846367
1878 286.857108
1879 286.779358
1880 286.715067
1881 286.773175
1882 286.778975
1883 286.725333
1884 286.522008
1885 286.555442
1886 286.571250
1887 286.530817
1888 286.634375
1889 286.623883
1890 286.611558
1891 286.550767
1892 286.612583
1893 286.591400
1894 286.624958
1895 286.721308
1896 286.811192
1897 286.730258
1898 286.729258
1899 286.853708
1900 286.828217
1901 286.890250
1902 286.825850
1903 286.659933
1904 286.592583
1905 286.733450
1906 286.752500
1907 286.776017
1908 286.759542
1909 286.692717
1910 286.785225
1911 286.708667
1912 286.665458
1913 286.708833
1914 286.765408
1915 286.809333
1916 286.899267
1917 286.964158
1918 286.916125
1919 286.940408
1920 286.943617
1921 286.938975
1922 286.933333
1923 286.914242
1924 286.976258
1925 286.960283
1926 286.940608
1927 286.886267
1928 286.921775
1929 286.939875
1930 286.929550
1931 286.896058
1932 286.903875
1933 286.899492
1934 286.904167
1935 286.930450
1936 286.957483
1937 287.010817
1938 287.042775
1939 287.014683
1940 286.909317
1941 286.938242
1942 286.994800
1943 287.017542
1944 287.056133
1945 287.065992
1946 287.049817
1947 287.073892
1948 287.115275
1949 287.104125
1950 287.053192
1951 287.002192
1952 286.966542
1953 286.986867
1954 286.941492
1955 286.907200
1956 286.989317
1957 286.967292
1958 286.908092
1959 286.891575
1960 286.821750
1961 286.843617
1962 286.850333
1963 286.820533
1964 286.677817
1965 286.613283
1966 286.604342
1967 286.697308
1968 286.817625
1969 286.811417
1970 286.771358
1971 286.762533
1972 286.879158
1973 286.871650
1974 286.899958
1975 286.793483
1976 286.783875
1977 286.888017
1978 286.861250
1979 286.915992
1980 286.941942
1981 286.947158
1982 286.913450
1983 286.795808
1984 286.901683
1985 287.008950
1986 287.026825
1987 287.010592
1988 287.010867
1989 287.030017
1990 287.071758
1991 287.070542
1992 286.840717
1993 286.900608
1994 287.008517
1995 287.086875
1996 287.080725
1997 287.128908
1998 287.264417
1999 287.285833
2000 287.344092
2001 287.422792
2002 287.468808
2003 287.459833
2004 287.439683
2005 287.467408
2006 287.535075
2007 287.605217
2008 287.556775
2009 287.544317
2010 287.529417
2011 287.592775
2012 287.664317
2013 287.631367
2014 287.738283
2015 287.768100
2016 287.857433
2017 287.944383
2018 287.938083
2019 287.946300
2020 287.912242
2021 288.018167
2022 288.018250
2023 288.042925
2024 288.049967
2025 288.084392
2026 288.184683
2027 288.198808
2028 288.253167
2029 288.252267
2030 288.259825
2031 288.314917
2032 288.355600
2033 288.446992
2034 288.354025
2035 288.341800
2036 288.398275
2037 288.464233
2038 288.519500
2039 288.570383
2040 288.584158
2041 288.680550
2042 288.656517
2043 288.701983
2044 288.701275
2045 288.744925
2046 288.901408
2047 288.904283
2048 288.937567
2049 288.938192
2050 288.916108
2051 288.884208
2052 289.003450
2053 289.052658
2054 289.072667
2055 289.096125
2056 289.139333
2057 289.165917
2058 289.210150
2059 289.190433
2060 289.246650
2061 289.239250
2062 289.240383
2063 289.237042
2064 289.280217
2065 289.262358
2066 289.398783
2067 289.389942
2068 289.361408
2069 289.341392
2070 289.346975
2071 289.415375
2072 289.383117
2073 289.447667
2074 289.468233
2075 289.445358
2076 289.488058
2077 289.581350
2078 289.686150
2079 289.646233
2080 289.646650
2081 289.596858
2082 289.614800
2083 289.604308
2084 289.647050
2085 289.674333
2086 289.642108
2087 289.597233
2088 289.610083
2089 289.581067
2090 289.565100
2091 289.641750
2092 289.700233
2093 289.713558
2094 289.675533
2095 289.632508
2096 289.677692
2097 289.695350
2098 289.703850
2099 289.687750
2100 289.584408
